0.413608
0.111722
0.099622
0.302146
0.090148
0.432393
0.543484
0.737727
0.812081
0.742696
0.301914
0.075891
0.953807
0.314046
0.126558
0.939239
0.646710
0.609412
0.265915
0.775377
0.250010
0.443083
0.417695
0.347568
0.389110
0.772559
0.965014
0.781814
0.014382
0.551384
0.198695
0.427990
0.663105
0.298317
0.730136
0.753253
0.730710
0.273620
0.490981
0.542791
0.016315
0.792895
0.618682
0.970122
0.106941
0.745240
0.909361
0.753651
0.354652
0.175276
0.529028
0.604662
0.618359
0.946723
0.952229
0.007469
0.719282
0.917243
0.789283
0.733663
0.468626
0.987978
0.161653
0.131732