41 28 36 39 31 38 27 38 32 19 31 28 21 32 30 23 28 39 34 31 42 13 24 27 32 31 29 24 29 32 28 17 23 47 31 31 20 27 12 28 32 32 30 25 28 30 27 32 25 34 37 27 30 63 42 33 36 48 35 32 44 34 38 33 26 6 31 38 29 35 29 30 27 26 33 21 24 33 37 37 20 50 23 20 34 28 27 35 27 38 34 56 12 32 18 13 30 35 33 21 26 28 18 37 37 18 25 32 39 29 48 43 31 39 24 26 25 18 16 31 31 30 32 25 39 43 29 41 
32 19 16 24 20 36 15 24 9 19 20 11 17 15 19 18 4 20 16 7 24 17 14 18 15 15 23 16 22 14 21 7 11 39 22 13 18 18 12 1 23 22 17 16 14 13 15 24 22 19 12 17 27 44 29 13 16 35 34 17 31 10 14 19 21 26 20 24 11 12 24 15 12 18 9 18 15 10 21 26 23 30 17 18 17 10 18 21 6 25 9 43 27 25 22 11 14 18 6 11 17 15 22 10 24 21 15 8 26 19 35 16 21 29 22 5 16 15 12 25 4 25 18 12 24 50 16 23 
46 31 33 28 23 50 38 40 32 35 36 27 15 27 42 34 35 40 27 23 27 33 28 32 31 31 36 37 24 33 38 37 34 43 36 32 29 32 28 24 37 26 31 26 28 29 38 35 34 23 31 27 43 62 37 29 32 58 44 10 42 33 30 28 38 38 30 33 34 36 34 25 22 31 32 37 29 26 37 31 39 39 36 23 33 29 30 37 28 37 30 66 37 41 36 33 35 34 33 16 31 29 33 33 40 35 20 31 26 47 49 39 31 39 36 5 30 31 34 38 27 35 35 26 34 56 30 34 
25 20 5 17 21 32 18 21 13 14 24 7 18 19 23 11 21 16 16 15 24 10 18 4 17 8 10 18 8 16 12 20 14 38 8 15 1 16 14 5 9 9 20 15 13 15 18 13 6 12 14 13 23 40 26 10 13 39 30 15 27 13 22 15 10 25 17 20 10 23 22 11 16 3 12 23 1 12 18 26 14 28 22 17 13 12 17 18 5 23 11 47 20 15 15 9 7 14 10 19 3 18 11 14 26 7 23 11 25 32 29 20 17 25 18 9 2 11 13 12 8 23 15 16 28 48 19 22 
23 18 22 23 11 41 21 25 16 24 20 10 19 29 19 23 22 21 15 25 23 22 5 16 15 20 26 23 24 13 22 25 17 34 13 12 17 9 17 17 21 24 8 27 16 28 21 26 21 24 26 19 26 56 40 30 33 42 33 24 30 16 23 18 28 29 20 32 17 30 25 23 22 18 15 22 24 28 29 27 24 40 21 21 16 9 24 22 17 20 23 50 32 26 27 10 19 17 22 20 24 6 26 26 19 19 22 14 17 37 43 32 20 22 28 21 14 14 25 25 20 17 17 3 34 42 7 22 
25 22 27 22 16 35 29 32 29 28 33 20 23 18 32 27 18 28 21 21 29 25 21 20 17 24 27 26 30 20 20 21 25 42 24 19 22 11 21 21 31 11 24 29 22 22 25 30 27 28 26 18 36 58 28 22 25 48 20 18 36 24 25 31 18 18 29 24 27 34 25 16 13 5 25 24 23 19 30 33 22 44 23 14 26 16 21 29 26 22 23 56 24 24 27 25 23 4 26 7 11 22 24 30 21 29 11 24 25 33 40 36 22 30 21 12 24 24 26 29 24 26 32 19 25 51 23 28 
30 21 18 19 21 34 23 21 20 18 23 14 11 23 25 22 22 19 9 10 17 16 24 23 16 23 15 22 18 27 19 25 19 36 27 28 15 16 11 19 28 23 24 16 10 16 17 18 20 23 20 6 28 53 32 16 19 43 23 6 24 18 17 24 20 32 7 11 17 25 13 4 1 22 19 16 20 13 19 21 18 39 15 18 20 25 24 18 18 16 17 51 20 20 15 8 22 21 25 12 22 22 12 23 25 26 16 18 19 33 27 29 10 18 20 17 21 13 7 17 22 14 25 23 13 39 23 16 
31 17 16 11 22 33 22 22 13 8 21 13 12 19 20 5 19 20 10 9 18 4 15 15 17 2 19 19 11 12 19 22 19 37 19 11 10 17 12 5 20 9 17 9 9 15 23 22 15 6 16 7 29 51 31 15 18 29 36 21 25 18 15 9 17 23 11 14 19 17 19 5 16 14 17 17 12 12 22 22 15 22 16 11 19 8 18 19 10 17 13 37 14 23 9 3 1 20 4 13 14 17 9 14 26 18 17 16 20 34 30 20 11 19 19 9 13 8 7 21 8 20 26 14 28 45 16 7 
23 18 22 23 11 39 21 25 16 24 20 10 19 30 19 23 20 21 15 12 23 18 5 16 15 20 26 7 24 13 22 23 17 34 20 12 17 9 17 17 21 15 8 27 16 18 21 26 21 24 22 25 26 40 34 18 21 42 33 24 30 16 19 25 22 27 20 32 17 30 25 23 22 9 15 22 24 15 26 20 24 40 21 21 16 9 24 22 17 20 19 50 26 26 23 10 19 17 22 20 15 6 23 26 19 19 24 14 17 35 40 32 20 28 25 12 14 14 21 25 20 26 24 3 34 45 7 22 
43 24 28 30 30 49 15 33 32 27 35 29 26 36 34 24 28 32 24 25 32 23 30 34 31 21 30 35 30 28 29 21 11 44 38 30 29 29 26 24 39 28 32 22 20 31 15 33 34 25 35 19 33 68 35 31 34 56 38 21 25 33 32 28 27 31 22 26 32 26 28 19 16 25 33 29 31 28 34 36 31 38 28 16 23 27 23 30 12 31 32 60 33 33 28 22 20 24 23 25 31 35 27 25 39 37 29 32 34 33 42 31 23 31 35 28 32 27 22 32 27 29 40 33 28 54 31 31 
35 35 17 28 23 36 18 19 17 27 29 22 26 29 28 24 30 33 27 26 35 23 22 28 27 21 27 22 30 7 16 24 14 42 32 29 18 21 29 23 33 26 20 21 15 32 18 18 15 23 34 22 38 57 46 32 35 39 41 21 42 13 31 28 28 29 25 29 14 36 28 22 19 24 12 32 29 29 37 30 18 39 31 27 28 26 21 16 23 32 31 47 19 20 14 19 20 29 23 27 30 18 20 28 31 31 31 11 29 36 45 34 26 34 22 22 26 24 25 29 26 29 34 20 31 54 19 23 
28 19 12 28 14 34 11 23 10 25 25 15 19 29 24 27 21 26 20 21 28 27 15 21 18 25 17 17 23 23 18 17 7 35 25 22 14 14 22 16 26 14 13 23 21 18 11 20 19 25 27 15 16 50 32 27 30 32 23 14 29 6 23 28 21 22 18 22 7 30 15 15 12 8 5 25 29 24 19 23 20 34 24 11 6 19 14 21 21 25 24 40 28 22 25 15 24 7 17 20 14 11 21 21 24 24 24 4 22 29 36 27 10 18 20 17 19 4 18 19 19 16 27 13 24 41 12 15 
36 16 24 25 22 40 29 27 17 24 28 20 17 12 27 19 20 25 15 16 23 18 22 26 22 16 21 24 24 26 25 23 25 36 30 25 26 22 17 9 31 27 25 23 16 22 23 24 19 24 20 12 34 47 22 22 25 43 29 12 30 24 23 30 23 23 23 18 27 28 19 10 7 26 25 22 23 19 25 27 24 38 21 8 25 22 15 24 14 22 17 51 26 26 21 19 22 26 18 1 16 23 18 18 31 29 5 24 25 35 34 24 16 24 26 6 24 19 21 23 12 20 31 20 19 45 24 22 
33 23 20 15 24 33 29 30 27 28 26 22 26 33 25 26 27 31 20 27 28 25 21 19 25 23 24 19 23 18 13 30 25 33 23 17 15 19 22 20 24 24 25 27 21 30 29 27 20 24 29 27 31 55 26 25 28 49 43 30 35 24 33 30 11 20 26 35 24 35 26 26 30 18 23 32 16 27 28 30 15 40 31 29 28 14 12 27 20 30 26 57 26 17 23 22 22 29 10 27 4 23 25 29 29 22 26 22 33 42 43 35 13 21 19 24 17 26 23 26 23 27 30 20 37 52 24 27 
21 15 18 26 23 34 19 20 18 20 1 12 1 13 28 13 5 12 16 8 24 19 23 21 16 17 21 23 19 8 17 8 15 37 25 24 19 19 13 10 5 20 21 22 16 14 19 19 16 22 15 13 28 45 23 11 14 40 29 13 31 14 15 20 15 24 1 19 15 25 20 11 8 14 13 23 18 11 19 28 19 38 22 9 18 21 16 17 15 23 12 48 20 21 15 14 17 13 19 2 17 19 19 19 25 20 6 12 21 20 33 25 17 25 20 7 19 16 13 23 13 21 19 21 20 46 20 23 
39 22 22 28 25 35 22 24 21 19 34 11 13 25 33 23 26 26 28 27 33 22 20 23 15 20 23 21 6 15 21 23 18 44 27 16 23 25 12 22 28 25 24 26 16 13 22 26 23 24 17 25 27 59 29 13 16 43 34 25 40 17 23 27 26 18 29 31 18 12 26 23 20 19 16 18 20 10 21 34 17 40 17 21 17 24 25 21 19 25 14 51 9 25 19 21 19 18 22 14 22 22 23 29 24 26 18 15 28 34 35 35 21 29 21 18 21 15 25 25 17 27 28 22 32 52 23 26 
28 21 18 24 19 32 18 20 17 15 16 7 13 18 26 19 25 22 21 3 24 18 22 19 11 16 19 24 23 20 18 3 14 41 23 19 16 14 8 19 24 21 20 23 22 9 18 22 21 20 13 18 23 40 25 9 12 39 30 18 36 13 10 15 25 29 17 24 14 31 22 16 13 15 12 20 16 6 17 28 20 36 19 14 13 16 21 17 19 21 10 47 27 22 22 9 15 14 18 7 18 18 19 28 20 22 11 11 24 15 31 34 17 25 18 12 17 11 8 21 17 23 14 20 25 48 19 22 
40 26 26 30 31 39 27 28 26 30 9 27 23 22 36 16 30 35 25 26 33 15 26 34 29 13 31 25 22 16 25 12 23 45 38 22 26 26 27 22 36 28 29 27 24 27 27 27 24 25 6 22 38 66 32 29 32 48 39 22 40 22 33 37 28 33 33 28 23 28 29 20 17 27 21 32 31 26 33 35 21 41 31 18 33 19 25 25 27 32 30 56 25 29 20 19 29 34 15 11 26 27 20 31 30 34 15 20 28 24 44 37 20 28 25 7 32 24 18 33 25 28 39 26 29 53 28 32 
34 23 9 27 22 39 14 23 23 9 24 14 23 29 23 13 27 29 23 24 8 20 16 24 18 23 26 28 9 18 22 26 20 27 28 21 24 20 2 24 24 27 19 29 1 16 24 29 26 27 20 20 20 62 25 16 19 41 36 19 15 20 15 17 26 31 19 25 21 16 27 18 15 21 19 14 23 13 24 12 24 34 13 25 19 18 28 24 21 28 17 49 18 26 22 19 22 20 17 24 25 17 18 14 27 29 28 18 28 37 38 20 23 31 25 14 24 18 18 28 19 22 16 14 27 37 18 7 
32 23 15 21 18 29 15 17 14 12 13 4 23 30 27 16 25 19 21 20 26 15 19 16 8 13 16 21 20 20 15 16 11 38 20 22 17 18 5 16 21 18 17 20 22 6 15 19 22 17 10 18 20 52 22 6 9 36 27 18 33 10 7 20 22 26 22 25 11 28 19 16 16 12 9 17 13 3 14 27 17 33 16 15 10 19 18 14 21 18 7 44 24 19 19 14 12 11 15 20 15 15 16 25 17 19 24 8 21 28 28 31 14 22 15 11 14 8 18 18 19 20 21 17 28 45 16 19 
32 15 17 19 20 31 17 19 16 14 29 6 15 22 28 18 19 21 16 22 18 12 17 18 10 15 18 22 1 14 17 18 13 19 22 13 18 19 7 16 16 19 19 21 11 8 17 21 22 19 12 16 21 54 24 8 11 38 28 20 31 12 18 9 24 28 11 27 13 9 21 18 18 13 11 15 15 5 16 4 18 35 14 17 11 10 20 16 13 20 9 46 10 21 14 11 14 12 17 16 17 17 17 24 19 21 20 10 23 29 30 30 15 23 17 12 16 10 10 20 11 14 8 19 30 29 18 21 
35 15 27 31 18 29 30 29 23 15 22 22 8 20 21 23 15 28 23 18 31 8 18 25 23 24 20 15 26 26 15 18 26 35 29 25 11 21 23 16 21 23 21 12 22 23 30 23 16 26 27 20 35 55 30 24 27 42 37 20 37 25 25 30 13 22 22 26 20 27 20 18 15 17 24 30 22 21 24 28 11 42 29 7 25 22 14 26 14 30 24 50 10 19 5 4 28 26 21 9 18 19 5 25 31 28 13 23 30 30 39 31 24 32 15 14 23 9 3 22 19 21 29 16 27 46 20 30 
31 13 18 31 22 37 19 20 11 19 30 21 14 26 29 18 17 32 10 20 18 23 11 26 23 22 28 18 19 8 17 20 15 37 30 7 19 17 12 14 32 26 19 29 11 26 19 31 16 26 21 23 30 51 35 26 29 40 42 22 25 14 25 27 29 30 26 30 15 25 30 23 20 20 13 24 24 23 34 22 19 42 23 22 27 4 22 17 19 28 18 48 27 21 28 20 21 28 19 15 26 17 21 23 27 19 19 12 28 32 38 29 27 35 23 18 25 25 25 20 17 31 26 14 32 47 18 17 
32 19 18 13 20 35 25 24 9 10 20 15 14 15 19 7 21 22 12 11 20 6 14 17 19 4 21 16 13 14 21 18 21 38 4 13 12 18 14 1 22 11 17 11 13 17 20 24 17 8 12 9 27 49 33 17 20 35 34 17 27 20 18 11 19 25 13 16 21 19 21 7 12 16 19 19 14 14 24 24 17 24 18 13 17 10 20 21 6 19 9 43 16 25 11 5 3 18 6 15 16 15 11 10 28 20 19 18 21 30 32 16 13 21 21 5 15 10 9 23 4 22 28 12 24 47 16 19 
27 26 27 27 16 46 23 31 25 31 20 15 25 33 24 27 29 11 31 32 39 25 21 21 19 24 31 32 33 27 29 23 19 39 20 20 22 13 33 22 26 27 13 32 29 33 13 31 27 29 17 27 29 65 37 35 38 44 36 29 44 18 8 32 32 33 25 34 22 38 30 27 24 21 17 17 28 35 32 38 31 45 16 26 19 25 28 28 22 24 30 52 35 28 30 15 24 20 26 22 27 11 30 31 9 24 26 19 22 35 43 37 20 28 33 18 19 19 28 25 25 31 33 19 36 52 12 27 
33 15 20 31 20 31 21 22 17 17 24 14 10 22 23 3 17 25 12 20 20 2 13 26 18 23 22 17 9 10 17 20 17 37 30 9 13 19 14 9 23 25 23 14 13 16 21 25 18 27 20 22 30 57 32 16 19 39 37 22 27 16 26 27 15 21 24 28 17 15 22 20 17 19 15 21 23 13 20 22 13 38 20 9 20 6 16 19 14 28 17 47 12 21 7 6 22 21 2 11 20 21 7 18 27 21 15 14 31 32 38 24 24 32 17 13 24 11 5 22 12 23 26 18 29 47 22 19 
34 22 18 13 25 35 22 24 21 19 14 11 14 26 13 13 18 25 12 11 20 22 23 17 15 20 23 22 6 20 22 21 18 39 21 19 14 25 12 18 18 11 24 11 13 13 22 3 19 8 17 25 27 45 27 13 16 43 34 19 17 17 18 20 22 31 14 32 18 18 26 23 21 16 16 24 14 10 21 24 20 24 23 22 17 16 25 21 13 25 14 51 21 5 19 10 19 18 19 15 16 22 14 26 24 20 19 15 26 33 19 32 21 29 21 5 15 15 25 2 21 27 28 23 33 49 23 19 
21 16 20 21 9 32 19 23 14 22 18 8 17 23 17 21 13 19 13 16 21 20 3 14 13 18 24 21 22 11 17 16 15 28 18 10 15 7 15 15 19 8 6 25 14 22 19 24 19 22 24 23 24 53 38 22 25 40 31 22 28 14 21 18 15 20 17 30 15 28 23 21 20 2 13 20 22 19 27 13 19 38 19 19 14 7 22 20 15 18 21 48 19 21 25 8 17 15 20 18 8 4 24 24 17 17 22 12 15 28 41 30 18 26 18 19 12 12 19 23 18 23 17 1 31 38 5 20 
33 24 16 22 19 30 16 18 15 13 29 5 24 31 28 17 26 20 22 21 27 16 20 17 9 14 17 22 21 24 16 17 12 39 21 23 18 19 6 17 22 19 18 20 10 7 16 20 23 18 11 19 21 53 23 7 10 37 28 19 34 11 17 21 23 27 23 26 12 29 20 17 17 13 10 18 14 4 15 28 18 34 17 16 11 20 19 15 22 19 8 45 18 20 13 15 13 12 16 21 16 16 17 23 18 20 25 9 22 28 29 29 15 23 16 12 15 9 19 19 20 21 22 18 29 46 17 20 
28 28 10 23 16 29 11 12 10 20 22 15 19 30 21 17 23 26 20 21 28 16 15 21 20 14 20 15 23 23 9 17 7 35 25 22 11 14 22 16 26 21 13 21 8 27 11 23 8 18 27 15 31 50 39 27 30 32 34 14 35 6 24 21 21 22 18 22 7 29 22 15 12 17 5 25 24 24 30 23 11 34 24 20 21 19 14 9 21 25 24 40 26 13 21 12 13 22 16 20 23 11 13 21 24 24 24 4 22 29 38 27 19 27 15 15 19 17 18 22 19 23 27 13 24 48 12 16 
27 22 20 24 15 20 25 22 14 28 13 14 13 25 12 24 17 24 19 20 27 26 9 20 16 24 11 6 17 17 20 20 21 29 24 16 2 13 21 20 17 14 12 22 20 24 25 14 7 19 27 16 30 44 35 23 26 46 37 18 28 20 24 24 20 26 13 31 11 29 13 23 20 8 19 24 25 21 31 19 2 35 25 21 20 13 18 19 21 24 24 54 25 4 27 9 23 21 26 14 14 10 12 29 23 23 18 18 21 32 30 35 20 28 6 15 18 14 10 13 20 14 23 7 32 39 11 26 
39 19 27 28 25 43 16 30 28 27 32 23 15 15 36 21 23 28 18 19 26 20 30 32 25 18 24 31 27 28 28 26 28 39 36 27 29 25 20 20 37 30 33 26 19 25 26 27 32 27 29 15 37 62 25 25 28 48 32 15 33 27 26 33 26 26 23 21 30 31 22 13 10 31 28 25 29 22 28 30 27 43 24 11 29 24 18 27 25 25 26 56 29 29 24 24 31 30 20 4 19 31 21 29 34 35 8 27 28 12 37 35 19 27 29 9 30 22 23 26 23 23 34 28 22 48 32 25 
32 25 20 23 23 38 4 22 23 22 24 18 15 25 23 26 26 21 13 14 21 20 24 24 20 24 19 26 22 31 20 10 23 40 28 20 19 18 15 21 28 27 26 20 14 20 4 22 24 27 24 8 30 57 32 20 23 45 27 10 28 22 21 28 24 36 11 15 21 29 17 8 5 26 23 18 24 17 23 25 22 27 17 21 24 28 28 19 22 20 21 53 24 24 19 12 23 25 26 14 26 24 16 14 28 30 18 22 23 22 31 20 12 20 24 19 25 17 11 21 24 18 29 26 17 43 25 20 
33 22 19 20 21 19 27 9 20 17 25 20 21 11 24 14 26 26 19 18 27 13 9 24 15 11 14 18 20 17 12 29 23 41 28 16 14 19 21 14 29 18 18 18 18 24 27 17 19 15 25 15 10 56 37 24 27 38 39 29 31 22 23 18 22 31 20 23 23 26 12 14 25 20 22 23 21 21 31 31 14 31 24 20 26 13 23 18 19 26 22 46 23 16 18 12 10 23 13 22 15 16 18 23 24 27 26 21 27 41 32 29 19 27 5 18 22 17 16 16 17 13 35 19 37 19 17 16 
41 23 28 36 32 43 29 30 28 29 40 33 35 38 39 28 27 33 20 30 28 33 21 36 33 32 38 33 29 18 27 30 25 34 40 17 29 27 22 24 42 34 31 34 21 36 29 26 26 31 31 33 40 67 45 36 39 50 52 32 35 24 35 35 27 38 36 40 25 35 36 33 30 35 23 34 34 33 28 30 29 47 33 23 37 14 30 27 29 38 28 58 36 31 38 30 31 38 10 34 20 29 30 33 37 29 38 22 17 42 48 39 37 42 29 28 35 35 35 30 27 37 34 31 42 53 30 27 
35 6 22 26 26 41 21 24 15 23 25 17 18 21 24 11 10 26 14 13 22 19 4 20 21 17 29 22 17 12 21 13 17 41 24 11 23 21 16 7 25 24 23 22 15 19 21 30 20 21 14 22 33 50 35 19 22 41 40 23 29 16 20 24 26 29 25 29 17 18 30 20 18 24 15 24 17 16 27 26 23 36 23 24 23 8 24 21 12 31 11 49 20 16 24 17 16 24 12 17 19 21 24 16 30 12 21 14 32 25 31 22 26 34 27 11 18 21 18 13 10 31 24 18 30 51 22 21 
35 30 27 22 23 34 31 33 12 28 23 20 21 32 22 22 20 31 21 20 29 30 17 26 24 29 9 19 15 25 20 23 27 37 30 24 16 21 21 18 26 20 20 20 22 22 31 12 5 17 26 30 36 52 36 22 25 52 43 16 26 26 27 29 18 24 23 39 9 27 27 31 28 21 25 33 23 19 30 25 16 33 32 29 26 21 16 30 22 32 23 60 30 14 27 19 28 27 28 22 23 18 10 27 31 29 26 24 29 35 28 33 26 34 20 14 24 24 28 11 21 28 29 15 40 50 19 28 
14 23 19 14 5 41 18 27 18 19 25 15 23 24 24 16 27 17 20 20 28 15 10 9 6 13 24 25 22 18 21 24 14 31 13 17 15 14 22 10 23 20 13 20 21 26 14 23 18 17 21 18 30 54 40 24 27 37 37 24 35 13 14 20 19 20 22 25 22 28 29 16 19 17 20 13 15 23 28 32 23 33 12 20 20 14 27 27 15 11 18 45 25 25 20 14 12 21 15 24 17 11 20 19 10 21 27 19 14 36 41 25 21 25 27 14 16 19 18 26 13 22 22 8 31 47 12 27 
35 31 31 35 23 40 22 33 32 7 32 22 24 36 31 11 35 33 31 32 39 20 28 28 25 28 31 26 17 26 20 25 18 38 32 27 22 21 23 29 33 34 20 29 27 23 22 34 27 32 28 26 18 64 40 24 27 39 45 28 32 28 33 35 33 29 29 33 29 23 33 26 23 28 27 12 31 21 27 39 22 45 11 23 28 32 30 30 19 32 25 47 20 24 25 22 27 29 30 25 33 18 25 32 31 31 29 26 29 37 46 38 30 38 26 29 26 26 23 33 28 34 39 26 35 57 19 37 
31 26 21 23 19 42 25 31 8 20 19 18 19 14 18 17 23 29 18 20 26 16 13 17 23 14 25 15 21 21 22 17 25 42 21 20 17 17 20 17 22 21 16 15 13 22 19 23 22 18 11 16 26 48 39 23 26 34 33 16 33 24 27 21 20 34 19 23 25 29 23 14 11 17 23 26 14 23 29 28 24 29 25 23 16 17 26 28 5 26 8 42 26 26 21 10 13 17 15 20 16 14 21 9 27 20 24 22 25 29 39 15 20 28 28 4 15 15 19 27 3 24 28 11 23 49 15 25 
16 22 32 28 20 32 33 34 26 34 16 26 25 29 24 23 22 7 26 25 34 22 21 24 21 20 23 18 29 23 12 19 29 41 28 23 14 15 28 23 16 15 24 17 27 31 29 26 19 23 13 28 40 56 39 31 27 52 24 29 40 28 29 35 10 22 25 35 23 34 25 27 24 9 28 28 27 28 32 31 14 39 27 25 30 20 30 31 19 26 31 60 15 16 10 21 27 8 22 18 15 22 24 32 25 33 22 27 29 31 42 38 27 35 18 14 28 26 22 25 26 26 35 19 36 51 23 33 
32 11 19 32 23 24 20 21 19 20 31 19 26 26 30 19 15 22 11 18 19 18 12 27 20 16 19 24 20 9 18 18 16 38 31 8 20 18 13 12 33 28 22 27 12 24 20 22 17 27 22 20 31 55 36 24 27 41 33 23 26 15 25 28 19 31 27 31 16 23 17 24 21 26 14 25 25 21 29 23 20 41 24 25 25 5 23 18 17 29 19 49 28 22 23 21 22 26 17 22 12 20 22 21 28 20 26 13 31 30 38 27 24 32 10 16 26 23 21 21 15 18 27 22 23 43 21 18 
30 20 14 30 16 36 13 25 12 27 27 2 21 31 26 26 23 28 22 23 30 25 17 19 20 23 19 19 25 25 20 19 9 32 23 24 16 16 24 18 24 16 15 19 17 20 13 22 21 27 29 17 18 52 34 29 32 34 25 16 31 8 25 27 23 24 20 24 9 32 17 17 14 10 7 27 31 26 21 25 22 36 26 13 8 21 16 23 9 27 26 42 30 24 27 13 22 9 19 22 16 13 23 23 26 22 26 6 24 31 38 29 12 20 22 19 17 6 20 21 21 18 29 15 26 43 14 17 
35 30 18 30 26 39 36 33 27 32 32 29 31 33 31 32 28 37 27 31 35 31 28 30 27 29 30 25 24 25 19 23 32 48 34 24 21 21 29 26 36 21 31 12 10 28 33 33 26 30 30 29 23 51 39 31 34 53 30 28 42 31 34 20 17 41 22 37 30 42 32 28 25 15 30 34 31 28 35 38 21 43 33 34 13 21 37 30 2 32 27 50 41 23 36 27 32 14 31 27 21 29 31 23 31 36 31 29 35 35 49 29 17 25 25 23 32 32 26 32 22 33 42 26 29 58 30 34 
43 37 8 33 31 48 37 35 22 32 23 28 23 35 22 30 27 33 23 24 31 29 27 23 30 27 29 29 32 30 33 30 33 50 27 34 32 30 25 24 27 34 30 32 24 30 31 32 37 31 33 20 42 62 45 30 33 51 37 18 38 32 24 34 34 46 23 27 35 39 27 18 15 31 33 24 34 27 33 35 32 33 23 31 34 31 38 32 29 30 31 59 34 34 29 28 26 35 29 24 36 28 26 13 39 40 28 32 33 42 43 19 24 32 34 13 35 27 32 31 27 28 39 25 27 53 29 30 
29 28 29 29 18 48 25 33 27 33 22 17 27 35 26 29 31 13 33 34 20 27 23 23 2 26 33 34 21 29 31 25 21 39 22 22 24 15 27 24 28 29 15 34 31 28 15 33 29 31 19 29 31 67 39 28 31 46 38 31 46 20 10 29 34 35 27 36 24 29 32 29 26 23 19 19 30 25 34 24 33 47 18 28 21 27 30 30 24 26 29 54 30 30 32 17 26 22 28 24 29 13 32 33 11 26 28 21 24 37 45 39 22 30 35 16 21 21 30 27 27 33 28 21 38 49 14 29 
43 35 16 29 31 36 40 18 30 26 29 30 29 37 28 23 33 38 28 27 36 22 25 33 32 20 27 22 29 30 16 36 37 45 37 29 18 29 30 23 33 27 28 27 24 33 41 30 23 24 34 25 46 60 49 33 36 47 53 26 43 36 33 27 35 41 29 32 27 35 29 23 34 24 35 35 30 30 40 35 18 40 34 29 36 26 34 15 28 35 31 55 32 20 27 21 19 37 22 30 30 26 27 32 39 36 34 34 37 48 46 38 29 37 22 21 31 26 25 29 26 30 39 23 46 55 27 25 
35 19 15 10 26 32 23 25 22 18 21 12 28 29 31 21 21 26 9 8 17 20 20 14 16 18 20 19 18 17 21 24 19 36 18 16 11 26 11 15 19 8 25 8 10 14 23 23 16 5 18 23 28 50 30 14 17 44 35 25 24 18 15 25 19 34 27 30 19 25 25 21 24 13 17 23 11 11 22 21 17 21 22 23 18 13 26 22 10 26 15 52 27 25 25 19 17 19 20 28 13 23 11 23 25 17 32 16 29 36 36 29 22 30 18 19 12 16 23 22 18 26 25 20 31 46 24 16 
36 31 29 31 24 29 33 31 29 30 28 22 28 33 27 34 15 28 28 18 36 33 18 29 25 31 24 15 30 26 15 18 29 38 33 25 17 22 23 30 21 23 21 29 29 24 33 27 22 26 28 25 38 55 40 24 27 54 45 33 41 28 25 30 13 35 28 39 26 42 22 31 28 17 27 33 31 21 30 28 11 42 34 29 28 22 33 28 30 33 25 62 34 19 31 19 30 29 33 22 18 19 5 39 32 32 26 26 30 30 43 45 29 37 15 27 27 24 23 26 29 23 29 16 40 48 20 35 
30 14 10 5 21 27 18 20 17 13 16 7 23 24 26 16 18 21 4 3 12 15 15 9 11 13 15 14 13 12 17 19 14 31 13 11 6 21 6 10 14 3 20 3 5 9 18 18 11 17 13 18 23 45 25 9 12 39 30 20 19 13 10 20 15 29 22 25 14 20 20 16 19 8 12 18 6 6 17 16 19 16 17 18 13 8 21 17 5 21 10 47 22 20 20 14 12 14 15 23 8 18 16 18 20 12 27 11 24 31 31 24 17 25 13 14 7 11 18 17 13 21 20 15 26 41 19 11 
34 22 27 24 25 33 22 29 24 24 31 21 17 21 30 10 24 32 19 22 27 9 20 28 23 7 28 19 16 17 24 6 24 39 32 16 20 20 21 16 30 22 25 21 20 21 28 31 25 19 27 21 32 64 31 23 26 46 38 21 34 23 29 34 22 28 29 27 24 22 26 19 16 21 22 28 25 20 27 29 15 35 27 16 27 13 23 26 21 31 24 54 19 28 14 13 29 28 9 10 25 23 14 25 24 28 14 21 22 18 43 31 14 22 19 1 26 18 12 29 19 22 33 20 28 47 24 26 
24 33 29 24 15 40 28 31 21 19 22 20 20 27 21 26 26 13 30 29 38 18 20 19 16 23 22 25 28 28 20 23 24 36 23 27 22 10 32 13 26 30 18 28 26 35 24 25 27 27 19 18 22 61 39 32 26 37 38 29 39 23 24 30 18 30 22 35 27 38 33 26 24 27 25 10 25 32 25 38 22 42 9 25 26 24 32 28 18 21 21 45 28 24 23 18 22 27 25 21 27 16 23 22 20 27 25 24 24 35 41 28 4 12 26 17 22 23 17 24 16 32 32 18 28 55 17 35 
23 23 22 23 11 22 21 24 16 26 15 10 15 27 14 23 19 21 21 22 29 22 11 16 15 20 13 8 19 19 2 22 17 31 20 17 4 9 23 17 19 16 8 24 22 26 21 16 9 21 27 18 26 46 28 25 28 42 33 20 30 16 23 26 22 28 15 32 13 31 15 23 22 10 15 22 24 23 29 21 4 37 21 21 16 15 20 21 17 20 25 50 27 6 27 10 19 17 22 16 16 6 14 26 19 19 20 14 17 34 32 32 20 28 8 17 14 14 12 15 20 16 25 9 34 41 7 25 
30 25 18 26 18 38 26 19 23 24 26 16 18 25 25 5 29 25 22 24 30 23 12 23 14 21 13 24 11 20 18 28 22 38 27 19 20 16 17 24 28 24 15 24 21 18 26 16 25 21 22 14 32 4 34 18 21 48 39 28 30 21 11 28 31 23 26 30 23 17 11 24 25 24 20 22 25 15 26 34 20 37 22 26 22 16 29 17 24 27 19 56 14 18 19 17 20 23 23 19 27 13 27 33 23 26 23 20 21 39 25 39 18 26 24 18 21 20 18 15 22 12 33 10 37 37 14 3 
28 22 19 16 17 38 23 5 6 13 26 16 17 12 25 10 24 25 15 14 23 9 11 15 20 7 24 13 16 17 20 15 23 40 16 16 15 14 17 10 20 14 14 13 11 20 25 21 20 11 9 12 24 46 30 20 23 23 30 26 30 22 20 14 18 28 16 19 23 22 24 10 21 15 21 22 12 17 27 26 20 27 21 16 14 13 23 24 3 22 6 31 19 24 14 8 6 15 9 18 14 12 14 19 24 17 22 20 23 27 35 25 8 16 24 2 13 13 12 26 1 25 26 9 32 50 13 12 
31 20 9 16 24 23 26 11 18 13 22 18 17 24 21 10 20 19 15 14 23 9 13 10 8 7 10 15 14 17 9 10 24 38 14 16 11 21 17 10 15 14 20 14 16 15 21 13 16 11 4 12 34 46 16 16 3 39 39 19 27 23 16 14 16 25 16 19 20 22 16 10 20 17 22 22 7 17 8 27 11 27 21 16 24 13 23 8 15 22 1 47 19 13 14 8 6 23 9 14 9 19 10 19 17 13 18 21 25 22 22 25 16 24 9 5 8 13 12 12 13 17 15 16 31 42 19 18 
33 17 6 19 21 20 29 8 19 16 19 19 19 25 18 13 17 25 18 17 22 12 10 13 16 10 15 12 17 18 6 13 25 35 17 17 8 19 20 13 18 17 17 17 17 15 29 18 13 14 7 15 35 45 13 19 22 36 38 16 32 24 23 13 15 22 15 22 17 25 13 13 23 14 23 24 10 20 5 25 8 30 23 19 25 14 24 5 16 22 4 44 21 10 17 11 9 24 12 17 12 16 7 22 25 16 21 22 25 25 19 28 19 27 6 8 11 16 15 17 14 14 12 13 28 39 16 15 
35 19 26 23 24 23 30 12 13 20 22 19 3 15 21 17 12 28 18 15 26 16 18 22 22 14 19 20 23 24 27 15 26 39 23 23 10 21 20 12 26 19 21 20 18 21 26 22 15 18 16 15 31 33 7 21 24 30 32 15 33 25 22 21 25 26 22 21 19 29 22 13 10 13 24 17 19 18 28 30 26 34 16 11 21 20 18 27 10 25 13 8 26 24 21 15 13 22 16 4 19 19 20 21 31 24 8 23 28 27 37 27 15 23 29 9 20 20 19 21 8 23 26 16 22 38 20 19 
31 27 18 24 19 30 14 26 9 21 20 18 20 15 19 18 24 28 19 21 27 17 14 18 23 15 21 16 22 22 10 18 10 39 22 21 12 17 21 1 23 22 16 16 14 23 14 24 17 19 12 17 27 49 40 24 27 35 34 17 34 9 28 22 8 35 20 24 21 30 23 15 12 18 8 27 15 24 30 29 12 30 26 23 17 18 27 29 6 27 9 43 27 14 22 11 14 18 16 21 1 14 22 10 27 21 23 22 25 30 40 16 21 29 16 5 16 16 20 23 4 24 29 12 24 49 15 26 
41 21 28 28 27 41 28 30 22 25 26 17 5 17 32 24 25 30 20 13 17 23 26 29 21 21 26 29 14 23 28 28 24 33 33 22 29 27 18 14 33 17 30 28 21 19 28 29 24 29 23 17 33 52 27 19 22 48 34 17 35 23 20 18 28 28 20 23 24 26 24 15 12 25 22 27 26 16 27 21 29 43 26 13 23 19 20 27 19 27 20 56 27 31 26 24 25 24 23 6 21 28 23 23 30 32 10 21 30 37 39 29 21 29 27 11 27 21 24 28 17 25 25 25 24 46 29 27 
30 15 13 26 18 27 14 15 11 21 23 9 22 17 22 19 13 25 12 16 20 15 13 15 22 17 21 13 21 3 10 16 10 33 19 9 12 16 14 16 19 21 7 18 11 22 14 24 11 21 14 18 25 51 10 22 25 33 32 17 27 9 23 24 11 25 21 25 10 1 20 18 15 15 8 7 17 19 20 22 9 37 6 20 15 6 17 12 8 24 11 41 25 14 20 9 16 16 2 19 16 13 3 24 26 18 23 7 16 28 40 30 18 26 13 7 13 13 18 22 6 21 26 14 27 46 6 19 
22 22 9 22 10 39 5 23 19 23 19 9 16 26 18 22 23 20 14 15 22 21 15 15 14 19 20 26 23 23 21 11 1 33 19 16 16 8 16 16 20 23 7 21 15 21 5 23 21 23 25 9 25 58 33 21 24 41 28 11 29 15 22 26 25 28 12 16 16 30 18 9 6 17 14 19 23 18 24 23 23 28 18 14 15 19 21 20 16 19 22 49 25 25 20 9 18 16 21 15 23 5 17 15 18 18 19 13 16 23 32 21 13 21 25 14 13 13 12 22 19 19 27 13 18 44 6 21 
32 32 19 32 20 43 15 27 29 33 29 19 26 31 28 28 33 30 24 25 32 29 25 25 24 27 30 36 33 33 31 21 11 43 29 26 26 18 26 26 30 33 17 27 25 31 15 33 31 31 30 19 35 60 29 31 34 51 38 21 39 10 32 34 35 38 22 26 26 40 28 19 16 27 9 29 33 28 34 33 33 38 28 24 25 29 31 30 26 29 27 59 35 20 30 19 26 26 29 25 33 15 27 25 28 28 24 23 26 33 35 31 23 31 29 24 23 23 22 17 29 29 37 23 28 54 16 31 
28 10 15 10 18 34 16 17 7 16 27 17 19 13 26 12 14 26 7 17 15 11 8 14 20 9 20 14 16 5 14 16 12 34 18 4 11 14 9 11 19 19 15 14 8 21 16 22 13 17 10 18 25 47 32 20 23 33 32 19 22 11 22 20 19 27 2 25 12 22 27 16 17 13 10 21 11 18 28 19 16 33 20 18 15 1 19 14 4 25 7 41 21 18 16 14 12 16 11 20 13 13 16 20 24 16 24 9 24 28 35 21 19 27 20 3 12 19 14 17 2 28 23 10 29 44 14 14 
29 24 22 18 17 22 27 24 16 26 15 16 15 22 14 26 19 20 17 16 25 28 11 22 18 26 13 8 19 19 2 22 23 31 26 18 4 15 19 22 19 16 14 16 18 22 27 16 9 13 26 18 32 46 37 22 25 48 32 20 30 22 23 26 22 28 15 28 13 31 15 25 22 10 21 26 19 19 30 21 4 29 27 18 22 15 20 21 18 26 23 56 27 6 29 11 25 23 28 16 16 12 14 31 25 25 15 20 23 34 32 37 22 30 8 16 20 16 12 15 22 16 25 9 34 41 13 24 
35 22 30 33 25 32 27 34 29 22 29 26 15 26 28 28 22 33 28 25 36 7 18 21 26 25 27 18 25 26 22 11 33 41 25 25 18 21 30 22 26 26 24 19 22 24 35 30 23 28 31 26 42 57 36 27 30 42 29 26 43 32 32 32 20 25 29 32 27 34 25 24 21 20 31 15 18 28 31 31 14 44 33 14 32 22 21 31 21 32 28 50 6 26 12 11 24 33 27 15 20 22 12 31 31 12 19 30 33 23 46 37 30 38 18 20 19 16 10 29 25 26 32 19 33 37 23 35 
42 14 28 34 31 40 28 30 23 25 33 17 31 29 32 29 18 32 30 21 38 28 28 29 21 26 29 26 33 28 20 21 24 49 33 27 22 28 18 15 34 31 30 30 28 19 28 32 27 30 23 31 33 58 35 19 22 49 40 31 45 23 28 33 35 39 33 38 24 26 32 29 26 25 22 30 26 16 27 39 22 44 29 28 23 24 31 27 20 31 20 57 38 24 33 25 25 24 20 25 28 28 29 24 30 19 29 21 34 33 41 30 27 35 26 19 27 21 26 31 18 33 32 26 38 58 29 32 
31 27 16 14 19 30 18 18 25 20 28 18 24 31 27 17 27 26 22 21 30 16 20 17 15 14 17 21 21 24 15 17 14 31 21 23 15 17 24 17 22 21 16 5 15 22 18 20 18 18 11 19 28 42 23 7 10 40 35 24 34 13 23 21 13 32 23 26 24 29 23 17 19 17 23 13 14 24 15 34 17 34 12 20 18 20 27 15 7 11 8 48 18 19 21 15 13 19 16 21 16 14 17 26 24 20 25 22 14 22 16 32 22 30 16 12 15 20 19 19 20 24 22 22 31 49 15 25 
26 21 25 26 14 41 24 28 3 27 23 13 12 23 22 26 23 22 18 15 24 21 8 19 18 23 16 10 21 16 25 26 20 28 23 15 7 12 20 9 24 18 11 24 19 21 24 19 12 24 20 24 29 43 34 21 24 43 36 7 33 19 22 21 25 15 23 30 16 33 28 22 19 12 18 25 23 18 29 16 23 38 24 20 19 12 7 25 14 23 17 51 21 21 18 13 22 20 24 13 18 9 17 18 22 22 17 17 20 38 35 24 17 25 27 13 17 17 22 18 12 26 20 6 31 41 10 25 
29 28 23 25 17 29 27 27 10 22 22 16 22 16 21 18 26 27 20 22 28 14 15 19 21 16 20 15 23 23 9 19 23 32 23 22 11 15 22 19 24 23 14 17 15 24 27 23 16 20 13 21 28 50 40 25 28 33 35 27 35 22 29 23 22 35 22 28 20 30 22 19 28 17 21 6 16 25 21 28 11 36 5 21 18 19 27 24 7 23 10 41 24 13 19 16 15 19 17 23 18 12 19 28 25 22 27 20 23 31 39 29 22 30 15 6 17 20 17 22 5 23 30 13 30 48 13 27 
27 24 7 15 18 27 21 9 21 17 16 13 16 22 15 14 20 14 14 13 22 13 16 19 3 11 2 13 8 21 7 23 17 36 23 20 9 13 14 14 20 13 16 13 15 15 16 5 14 10 19 3 25 47 29 15 18 38 36 17 19 16 11 17 21 26 16 23 18 20 20 14 17 15 15 11 16 12 23 26 9 26 12 18 19 17 18 6 15 24 16 46 23 7 18 12 10 20 13 11 18 14 16 23 12 22 15 17 25 35 21 29 7 15 13 7 17 17 16 4 17 1 30 14 29 26 15 16 
26 22 14 15 17 32 19 17 20 14 19 10 20 29 23 18 18 15 5 6 13 12 21 19 13 19 22 18 14 23 15 21 15 32 23 26 16 12 7 15 24 24 20 14 6 12 19 24 19 23 16 2 24 51 28 12 15 39 33 24 20 14 13 22 16 29 13 9 17 21 25 22 20 18 15 12 16 9 20 17 14 39 11 14 16 23 21 14 16 12 13 47 16 19 11 16 18 17 21 21 18 18 8 19 22 22 25 14 15 31 25 25 6 14 18 17 17 14 15 24 18 26 21 19 30 42 19 12 
29 25 17 18 20 33 22 20 23 17 22 13 10 22 26 21 21 18 8 9 16 15 23 22 15 22 14 21 17 26 18 24 18 35 26 27 19 15 10 18 27 22 23 17 9 15 16 17 22 22 19 5 27 54 31 15 18 42 22 5 23 17 16 23 19 32 16 12 20 24 12 3 17 21 18 15 19 12 18 20 17 38 14 17 19 24 24 17 19 15 16 50 19 19 14 19 21 20 24 11 21 21 11 22 24 25 15 17 18 34 28 28 9 17 19 16 20 12 18 16 21 13 24 22 12 38 22 15 
38 17 25 31 29 30 26 27 25 26 28 25 28 21 27 25 21 28 17 24 25 24 18 33 26 22 25 21 26 15 15 24 22 44 31 14 17 24 19 18 32 6 27 29 18 30 26 28 22 26 28 26 33 59 42 30 33 47 39 29 32 21 31 34 13 37 28 37 22 29 23 30 27 23 20 31 31 27 35 29 17 42 30 31 31 11 29 24 23 35 25 55 31 19 26 24 28 32 23 28 6 25 27 27 34 26 28 19 36 36 44 33 30 38 16 22 32 29 25 27 21 24 33 22 29 49 26 24 
23 23 10 23 11 40 6 18 20 24 20 10 17 27 19 23 24 21 15 16 23 22 16 16 15 20 21 27 24 24 22 12 2 34 20 17 17 9 17 17 21 24 8 18 16 22 6 24 22 24 26 10 26 59 34 22 25 42 29 12 30 1 23 27 26 29 13 17 17 31 19 10 7 18 15 20 24 19 25 24 24 29 19 15 16 20 22 21 17 20 23 50 26 26 21 10 19 17 22 16 24 6 18 16 19 19 20 14 17 24 33 22 14 22 26 15 14 14 13 23 20 20 28 14 19 45 7 22 
36 31 34 34 24 47 29 36 28 37 33 23 28 28 32 34 28 34 28 31 36 33 18 29 28 31 25 15 31 26 32 13 30 43 33 25 16 22 30 30 34 23 21 32 29 37 33 24 21 29 39 28 39 60 34 37 40 27 39 28 42 29 36 33 30 35 32 34 25 43 35 26 23 17 28 15 35 34 35 28 32 45 34 24 29 22 31 33 30 33 36 35 34 30 37 23 32 30 33 17 23 19 26 39 32 32 21 27 30 25 44 45 32 40 33 22 27 27 34 27 33 36 32 16 29 53 20 35 
24 20 18 16 20 31 23 20 12 13 23 12 17 18 22 10 24 15 15 14 23 9 17 3 16 7 19 17 7 15 11 19 19 40 7 14 13 15 13 4 8 14 20 14 16 14 23 22 18 11 13 12 28 39 25 9 12 38 32 20 30 18 21 14 9 28 16 19 19 22 24 10 15 17 17 22 16 11 17 27 13 27 21 16 18 11 23 17 9 22 10 46 19 15 14 8 6 16 9 18 2 18 14 13 25 6 22 16 24 31 31 19 16 24 17 8 1 13 12 21 7 25 14 15 27 50 19 22 
29 20 12 18 15 26 12 14 11 9 25 1 20 27 24 13 22 16 18 17 23 12 16 13 5 10 13 18 17 20 12 13 8 35 17 19 14 15 2 13 18 15 14 17 19 3 12 16 19 14 7 15 17 49 19 3 6 33 24 15 30 7 13 17 19 23 19 22 8 25 16 13 13 9 6 14 10 20 11 24 14 30 13 12 7 16 15 11 18 15 4 41 22 16 17 11 9 8 12 17 12 12 13 22 14 16 21 5 18 25 25 28 11 19 12 8 11 5 15 15 16 17 18 14 25 42 13 16 
33 18 15 20 21 15 24 17 16 24 24 14 16 26 23 22 12 22 15 15 23 21 5 20 11 19 10 12 16 13 12 15 20 35 24 12 14 19 17 19 18 20 12 21 16 10 24 13 19 18 23 11 30 52 36 21 24 45 33 11 27 19 19 25 10 32 24 31 20 28 8 22 21 14 18 19 21 18 29 25 8 34 18 22 20 9 26 14 17 17 20 53 31 15 26 14 18 19 21 15 15 16 2 28 20 23 19 17 20 27 29 34 15 23 1 15 18 18 20 12 15 9 26 13 23 34 11 22 
28 11 16 15 20 32 19 18 12 21 25 20 11 18 24 17 15 19 12 18 14 8 13 19 21 14 23 18 15 10 16 18 15 15 23 9 14 15 14 12 12 15 20 19 13 22 19 26 18 22 15 12 17 52 33 22 25 38 24 23 27 14 25 5 21 30 7 29 17 23 23 21 18 9 13 22 16 19 30 18 14 38 21 15 7 6 22 15 9 26 12 44 6 20 13 7 17 8 16 12 15 18 13 21 25 21 16 14 29 30 38 26 11 19 18 8 17 12 6 22 7 10 4 15 30 25 19 19 
25 20 18 25 13 18 23 20 18 26 22 12 21 27 21 25 17 23 17 20 25 24 7 18 14 22 13 4 19 15 18 20 19 27 22 14 19 11 19 19 23 12 10 24 18 26 23 16 23 21 26 14 28 57 40 26 29 44 35 26 30 18 22 22 19 24 21 34 19 31 11 25 24 6 17 22 26 23 31 17 20 37 23 23 18 11 26 17 19 22 23 52 23 18 29 12 21 19 24 22 12 8 27 28 21 21 26 16 19 32 32 34 18 26 4 18 16 16 23 15 18 12 21 5 35 37 9 24 
31 18 20 15 22 27 24 25 15 23 11 17 11 21 10 9 15 22 14 13 22 10 5 19 21 21 18 13 15 13 7 18 20 36 23 12 9 20 16 7 15 13 19 13 15 19 24 21 14 10 18 23 30 51 33 19 22 41 37 23 29 19 20 27 5 27 11 29 18 21 20 21 18 15 18 27 16 16 27 26 9 26 26 17 20 9 24 22 9 31 15 49 18 11 15 14 20 21 22 12 18 17 15 16 30 22 16 17 28 30 37 22 24 32 13 11 17 19 13 20 10 21 29 14 30 46 18 21 
24 24 20 24 12 31 22 22 21 24 21 11 17 29 20 24 24 22 27 27 35 9 17 17 16 21 26 16 30 25 20 14 18 27 21 18 17 10 29 18 22 24 9 21 26 26 22 25 22 25 28 26 27 61 35 31 34 28 34 25 40 17 24 28 22 30 21 33 18 36 24 24 23 18 16 1 25 30 16 29 20 41 22 16 17 21 23 19 18 21 26 36 19 24 14 11 20 18 23 18 24 7 14 27 20 20 22 15 18 26 45 33 21 29 17 22 15 15 12 28 21 25 29 15 25 46 8 26 
28 8 24 28 14 42 23 32 17 27 28 19 25 23 27 16 12 28 24 15 32 22 19 23 20 23 31 24 22 22 22 15 19 28 27 21 24 14 20 9 31 30 22 24 22 21 23 32 29 27 20 25 35 52 37 21 24 43 42 25 39 18 22 26 20 15 28 32 19 20 32 23 20 26 17 26 23 18 29 34 24 38 25 26 25 18 7 29 14 25 17 51 21 22 18 19 22 26 14 19 25 20 27 18 24 27 23 16 28 27 37 24 29 36 28 13 24 23 20 19 12 31 26 17 32 47 21 31 
22 19 27 22 13 32 26 29 21 19 25 20 18 23 24 24 15 25 19 18 27 23 18 17 14 21 22 18 28 17 12 18 22 39 21 16 14 8 21 13 29 8 18 28 20 15 22 25 19 25 24 18 10 55 26 24 26 41 17 29 34 21 22 28 15 28 25 33 23 31 25 24 24 2 22 21 23 21 31 31 14 41 20 26 26 13 30 26 18 19 21 37 31 16 26 14 20 1 23 19 8 16 24 22 18 28 23 21 22 30 40 28 4 12 18 17 24 19 13 24 16 26 29 16 28 51 17 26 
27 9 14 27 18 33 15 16 14 15 26 19 21 24 25 14 13 29 6 16 14 19 7 22 19 18 24 19 15 4 13 16 11 33 26 3 15 13 8 10 28 25 17 25 7 22 15 27 12 22 17 19 26 53 31 22 25 36 38 18 21 10 21 23 25 26 22 26 11 21 26 19 16 21 9 20 20 19 30 18 15 38 19 24 25 11 18 13 15 24 14 44 23 17 24 16 17 26 15 20 22 15 17 19 23 15 24 8 26 28 34 25 23 31 19 14 21 21 21 16 13 27 22 17 28 43 16 13 
43 30 36 38 24 40 35 30 37 30 35 34 23 32 36 35 30 41 30 33 38 15 26 29 34 32 35 26 33 34 30 19 33 21 33 33 26 29 32 30 34 34 32 18 28 32 37 38 31 33 39 34 31 65 44 35 38 50 37 34 45 32 22 38 28 8 37 40 35 42 33 32 29 28 31 23 26 36 39 39 22 49 41 22 31 30 29 39 20 40 36 58 14 34 11 19 31 32 34 23 28 30 20 39 39 20 27 38 36 31 53 45 35 43 26 15 27 24 18 37 33 34 40 27 41 40 31 37 
28 20 1 14 16 21 25 3 15 11 14 15 14 22 13 8 18 23 13 12 21 7 10 18 17 5 12 7 14 15 1 21 22 30 22 14 3 14 15 8 18 12 13 12 12 18 26 15 8 9 19 10 31 45 34 18 21 32 38 11 28 21 18 12 20 26 14 17 12 20 14 8 19 9 20 20 15 15 25 20 3 25 19 14 21 11 19 10 13 20 16 40 17 5 12 6 4 22 7 15 15 11 12 17 24 21 19 19 22 33 31 23 14 22 7 6 16 11 10 14 11 15 24 8 31 40 12 10 
33 28 16 28 24 37 34 35 25 30 30 31 29 31 29 30 26 35 25 29 33 29 26 28 25 27 28 23 34 23 17 29 30 46 32 22 19 19 27 24 34 19 29 10 8 26 33 31 24 28 28 28 21 61 37 35 37 51 28 26 40 29 32 18 15 39 20 35 28 40 30 26 23 13 28 32 29 32 41 36 19 41 31 33 11 19 35 32 12 30 25 48 39 21 34 25 30 12 29 30 19 27 29 21 29 34 30 27 33 41 47 27 15 23 23 21 30 30 24 30 20 31 40 24 35 56 28 32 
24 17 8 3 12 32 7 16 16 17 21 10 18 22 20 14 16 19 16 17 24 10 17 7 16 11 13 17 11 19 15 13 3 20 11 18 4 10 17 8 12 12 9 18 16 18 7 12 7 15 17 11 26 43 29 13 16 29 30 13 30 2 24 18 13 24 14 18 13 26 18 11 8 6 15 2 4 15 17 25 17 30 1 9 16 15 16 20 8 21 14 37 20 18 15 11 10 17 13 17 6 7 12 17 20 10 21 14 3 25 32 23 15 23 18 12 5 14 13 15 11 19 18 15 20 39 8 23 
30 21 20 15 26 36 25 26 17 12 25 17 16 23 24 9 23 21 14 13 22 8 19 9 16 6 23 22 13 16 17 9 23 41 13 15 14 21 16 9 14 13 25 13 15 14 27 26 19 10 3 11 33 45 31 15 18 43 38 24 29 22 20 13 15 27 15 18 23 21 23 9 19 18 21 21 6 16 23 26 18 26 20 15 23 12 22 23 14 21 16 51 18 21 13 7 5 22 8 13 8 23 13 18 25 12 17 20 24 21 34 24 15 23 22 4 7 12 11 25 12 24 20 20 31 49 24 21 
32 22 22 28 20 15 22 24 9 19 20 11 17 22 28 23 4 26 22 7 28 17 14 23 15 20 23 16 27 20 20 7 18 35 27 19 20 18 12 23 28 11 17 27 23 13 22 26 25 24 17 22 27 25 29 13 16 36 34 22 37 17 14 19 18 33 21 28 18 34 26 20 17 5 16 9 20 10 21 29 22 40 8 18 17 16 25 21 23 25 14 44 27 24 22 13 19 18 22 11 11 15 22 32 24 26 15 15 26 19 35 38 21 29 21 16 21 15 12 25 21 27 18 12 29 30 16 26 
33 28 24 27 21 26 31 28 24 25 30 20 29 30 29 22 25 27 25 25 33 21 15 15 20 19 21 12 19 23 19 28 27 35 19 22 21 19 25 16 20 20 18 25 16 18 31 24 26 22 25 22 36 51 37 21 24 50 41 24 38 26 28 26 17 32 28 31 27 34 19 22 19 14 25 30 12 23 29 25 8 38 31 28 26 19 24 25 21 30 22 58 31 23 26 20 18 27 21 30 14 16 26 25 29 18 32 24 27 40 40 31 26 34 12 20 13 24 24 23 19 20 26 13 31 45 17 32 
29 23 26 34 31 42 27 28 24 26 9 20 9 21 8 21 13 20 17 16 25 27 29 29 24 25 21 31 26 16 25 16 23 44 33 32 12 27 19 18 13 28 29 30 18 22 27 24 17 29 23 21 36 40 31 19 22 43 37 21 32 22 23 28 23 32 9 27 21 33 21 19 16 22 21 31 26 19 27 29 27 45 30 17 26 29 24 25 23 31 20 51 28 26 23 5 25 21 27 10 25 27 22 27 33 28 14 20 29 28 40 33 25 33 28 15 27 10 21 23 21 22 27 27 28 47 28 24 
36 31 25 32 13 31 34 33 29 30 33 23 32 35 32 27 24 32 28 27 36 26 18 20 25 24 26 17 24 26 24 27 30 40 24 25 26 22 30 21 25 25 21 7 17 23 34 29 31 27 30 27 30 56 42 26 29 55 32 29 43 29 33 27 22 37 29 36 30 39 24 27 24 19 28 35 17 28 34 30 13 43 34 33 20 22 29 30 9 33 27 57 5 28 31 23 23 21 26 31 19 19 14 30 32 23 35 27 30 39 45 36 24 32 17 25 18 27 29 28 24 25 30 16 36 50 20 35 
38 32 23 29 29 41 30 25 19 33 18 27 18 30 17 29 22 29 28 25 36 29 24 33 19 27 16 26 22 25 23 25 26 44 37 31 7 27 28 25 22 27 26 27 29 19 30 19 12 24 32 19 41 59 40 28 31 38 46 23 33 25 27 33 25 31 18 36 16 34 16 28 25 28 25 27 30 26 36 32 23 40 28 26 33 28 23 22 29 38 29 46 24 21 32 26 26 30 29 19 30 24 17 34 28 36 23 29 35 37 35 40 23 31 27 21 31 5 30 18 28 17 36 22 37 42 25 32 
30 16 15 10 21 32 22 21 12 7 20 12 11 18 19 4 18 19 9 8 17 3 14 14 16 1 18 18 10 11 18 21 18 36 18 10 9 16 11 4 19 8 20 8 10 14 22 21 14 5 15 6 28 50 30 14 17 38 35 20 24 17 15 8 16 22 10 13 18 16 18 4 15 13 16 16 11 11 21 21 14 21 15 10 18 7 17 18 9 16 12 46 13 22 8 2 17 19 3 12 13 18 8 13 25 17 16 15 19 33 29 19 10 18 18 8 12 7 6 20 7 19 25 15 27 44 19 16 
21 18 26 21 12 31 25 28 25 26 29 21 27 22 28 23 14 24 18 17 26 22 17 16 13 20 26 22 27 16 16 17 21 38 20 15 18 7 20 17 30 7 20 27 19 23 21 29 23 24 27 25 34 54 39 23 26 44 16 30 33 20 21 27 14 27 29 32 23 30 24 23 26 1 21 20 22 20 31 30 18 40 19 27 27 12 30 25 22 18 24 52 32 20 27 21 19 28 22 21 7 18 27 26 17 27 25 20 21 29 39 32 28 32 17 21 23 22 22 28 20 25 28 15 30 50 19 25 
31 13 18 31 22 33 19 20 18 19 30 23 25 28 29 18 17 23 10 20 18 23 11 26 23 22 28 23 19 8 17 20 15 35 30 7 19 17 12 14 32 29 21 29 11 26 19 31 16 26 21 23 30 57 35 26 29 40 42 22 25 14 25 25 28 30 26 30 15 25 26 23 20 25 13 24 24 23 18 20 19 42 23 28 27 4 22 17 19 28 18 48 26 21 28 20 21 28 19 24 26 19 20 23 27 19 28 12 30 32 38 29 27 35 19 18 25 25 25 20 17 27 24 21 32 45 20 17 
35 15 23 24 21 39 28 26 24 23 28 19 16 11 32 23 19 24 14 15 22 21 26 28 21 28 20 27 23 29 24 22 24 35 32 28 25 21 16 16 33 26 29 22 15 21 22 23 28 23 25 11 33 59 21 21 24 44 28 11 29 23 22 29 22 22 22 17 26 27 18 9 6 27 24 21 25 18 24 26 23 39 20 7 25 25 14 23 21 21 22 52 25 25 20 25 27 26 21 17 15 27 17 25 30 31 4 23 24 34 33 31 15 23 25 5 26 18 24 22 19 19 30 24 18 44 28 21 
36 31 29 25 24 29 34 31 23 33 22 23 22 29 21 33 26 27 24 23 32 35 18 29 25 33 20 15 26 26 9 29 30 38 33 25 11 22 26 29 26 23 21 23 25 29 34 23 16 20 33 25 39 53 44 29 32 55 39 27 37 29 30 33 7 35 22 35 20 38 22 32 29 17 28 33 26 26 37 28 11 36 34 25 29 22 27 28 25 33 30 63 34 13 36 18 32 30 35 23 19 19 21 38 32 23 22 27 30 41 39 44 29 37 15 23 27 23 19 22 29 23 32 16 41 48 20 31 
17 17 16 17 5 35 15 27 14 20 14 4 14 25 13 17 18 15 20 21 28 16 10 10 9 14 20 21 23 18 22 21 11 28 14 11 11 3 22 11 15 18 2 21 19 22 15 20 16 18 21 19 20 54 35 24 27 36 27 18 33 10 17 21 22 23 14 26 11 29 19 17 16 12 9 16 18 24 23 27 24 34 15 15 10 14 18 25 11 14 19 44 26 25 21 4 13 11 16 14 18 11 21 20 13 13 18 8 11 33 39 26 14 22 24 15 8 8 19 22 14 20 22 8 28 45 1 19 
31 26 24 26 19 24 28 26 24 25 23 17 23 28 22 29 10 23 23 13 31 28 13 24 20 26 19 10 25 21 10 13 24 33 28 20 12 17 18 25 16 18 16 24 24 19 28 22 17 21 23 20 33 50 35 19 22 49 40 28 36 23 20 25 8 30 23 34 21 37 17 26 23 12 22 28 26 16 27 23 6 37 29 24 23 17 28 23 25 28 20 57 29 14 26 18 25 24 28 17 13 14 22 34 27 27 21 21 25 25 38 40 24 32 10 22 22 21 18 21 24 18 24 11 35 43 15 30 
30 24 19 20 20 35 24 22 9 19 10 15 10 22 9 17 14 20 10 11 18 16 14 10 17 14 16 16 19 17 20 17 20 37 14 21 19 17 12 11 14 21 17 19 11 17 18 19 24 18 20 7 29 49 32 17 20 44 24 7 25 19 18 21 21 33 10 14 22 26 14 5 2 18 20 17 21 14 20 22 19 20 16 18 21 18 25 19 16 17 18 52 21 21 16 15 13 22 16 11 23 15 13 20 26 27 15 19 20 29 30 6 11 19 21 15 22 14 19 18 14 15 26 12 14 40 16 17 
19 19 18 19 7 37 17 22 16 22 16 6 16 27 15 19 20 17 22 23 30 16 12 12 11 16 22 23 25 20 20 21 13 30 16 13 13 5 24 13 17 18 4 23 21 24 4 22 18 20 23 21 20 56 36 26 29 35 27 20 35 12 19 23 24 25 16 28 13 31 21 19 18 12 11 8 20 26 23 29 22 36 7 17 10 16 20 19 13 16 21 43 26 24 21 6 15 11 18 16 18 2 21 22 15 15 20 10 13 33 41 28 11 19 24 17 10 10 19 24 16 22 24 10 30 47 3 21 
23 32 28 23 14 33 27 35 27 28 34 24 32 33 33 25 36 26 29 29 37 24 19 18 15 22 28 34 31 27 30 33 23 40 22 26 24 9 31 19 32 29 22 29 30 35 23 31 27 26 30 27 39 63 49 33 36 46 46 33 43 22 23 29 28 29 31 34 31 37 26 25 28 26 29 22 24 32 37 41 32 42 21 29 29 23 36 32 24 20 27 54 34 33 29 23 21 30 24 33 26 20 29 28 19 30 36 28 23 45 47 34 30 34 19 23 25 28 27 30 22 27 31 17 40 52 21 36 
31 11 27 22 17 40 26 31 20 30 28 22 28 7 30 19 15 31 23 18 31 25 22 26 23 26 30 26 25 25 20 18 22 31 30 24 22 17 23 12 31 22 25 18 24 24 26 31 27 19 23 28 38 55 33 20 23 46 45 28 38 21 25 29 18 18 31 13 22 23 33 26 23 25 20 26 23 21 28 35 22 35 25 3 28 21 10 28 17 24 20 54 24 24 21 22 25 29 17 22 11 23 30 21 27 29 26 19 22 30 29 27 20 28 26 1 24 26 23 22 15 34 29 20 35 50 24 30 
24 24 8 24 12 41 7 19 6 25 21 11 15 26 20 24 25 22 16 17 24 23 11 17 16 21 19 13 24 19 23 13 3 31 21 18 10 10 18 12 22 21 9 19 17 23 7 22 15 25 23 11 27 46 35 23 26 28 30 10 31 2 24 24 27 18 14 18 3 32 20 11 8 15 1 21 25 20 26 19 25 30 20 16 17 15 10 22 17 21 20 36 24 24 21 11 20 18 23 16 21 7 19 17 20 20 20 15 18 25 34 23 15 23 27 13 15 15 14 21 15 21 23 9 20 44 8 23 
34 14 24 19 20 36 29 26 23 27 29 20 26 28 33 22 13 34 18 16 26 28 25 23 24 27 29 28 27 26 28 16 25 17 27 25 20 20 20 15 28 17 28 17 19 22 29 9 25 14 26 31 27 53 38 22 25 49 43 31 33 24 23 28 26 21 30 37 25 26 29 29 26 22 23 32 20 19 30 30 26 30 31 6 26 22 13 30 19 31 23 57 27 28 24 22 26 27 20 20 22 26 20 24 30 26 24 22 34 28 43 30 30 38 22 19 21 24 21 25 18 30 27 23 38 36 27 25 
33 29 26 27 24 42 8 29 28 26 31 22 19 31 33 30 30 27 17 18 25 24 29 28 24 31 23 30 26 35 27 32 22 44 32 36 23 19 19 22 36 31 32 24 18 24 25 26 28 31 28 14 31 61 40 24 27 50 31 14 32 26 25 32 28 39 15 19 25 33 21 12 9 30 27 24 28 21 27 29 26 47 23 26 28 33 32 26 26 24 25 58 28 28 23 16 30 29 33 20 30 30 20 31 29 34 24 26 27 36 35 37 13 21 28 25 29 21 15 25 25 22 33 27 21 47 31 24 
35 23 26 28 23 28 33 21 25 23 26 22 16 28 25 24 23 29 26 26 34 8 17 17 22 21 23 14 21 25 21 26 29 37 21 24 19 21 27 18 22 22 20 20 18 20 33 26 24 24 27 23 38 26 38 23 26 50 40 23 36 28 30 28 19 30 26 30 28 35 21 21 18 16 27 32 14 25 31 27 10 36 32 15 28 21 22 27 22 32 24 58 2 25 13 12 20 29 23 17 16 18 13 16 31 20 21 26 29 34 28 22 27 35 14 22 15 17 11 25 21 22 28 15 30 41 19 28 
29 23 22 17 17 39 27 28 6 14 24 16 18 19 23 11 25 26 16 15 24 10 11 4 21 8 22 13 17 18 21 22 23 40 8 17 13 15 18 5 26 15 14 15 17 21 24 25 18 12 16 13 26 46 37 21 24 39 38 21 31 22 22 15 19 29 17 20 22 23 25 11 16 15 21 23 18 18 28 26 21 14 22 17 21 14 24 25 10 23 13 47 20 25 15 9 7 22 10 19 20 12 15 14 25 24 23 20 23 34 36 20 15 23 25 9 19 14 13 24 8 26 30 9 28 51 13 23 
20 29 25 20 11 40 24 30 17 15 28 20 16 23 27 22 32 23 26 26 34 21 16 15 12 19 18 24 24 24 20 26 20 37 19 23 21 6 28 9 29 26 19 24 22 31 20 21 24 23 20 14 18 57 35 30 22 37 34 25 35 19 20 26 25 26 28 31 27 34 30 22 20 23 25 19 21 28 27 37 22 38 18 24 25 20 31 27 14 17 17 45 31 23 26 14 18 26 21 17 23 17 26 18 16 27 21 24 20 38 37 24 18 8 26 13 22 19 13 20 12 28 28 14 24 53 18 33 
39 31 20 27 27 34 33 22 16 28 27 26 27 22 26 25 31 37 26 28 34 24 21 25 30 22 29 23 29 29 20 25 33 49 16 28 22 25 23 8 30 29 24 23 21 29 27 31 27 26 19 24 34 56 27 31 14 42 41 24 41 32 35 27 28 36 27 31 31 37 27 22 19 25 31 34 22 31 19 36 22 37 33 31 24 25 34 19 13 34 16 50 34 24 29 18 21 25 23 28 24 22 21 17 35 28 32 30 33 37 33 23 28 36 20 12 23 23 27 31 11 28 26 19 31 53 23 29 
34 17 14 22 25 14 23 16 15 23 23 20 18 25 22 21 21 21 14 20 22 20 4 26 10 18 9 20 15 12 14 24 19 41 30 11 16 20 16 18 27 20 23 20 15 22 23 12 20 17 22 10 32 54 36 22 25 44 34 24 26 18 18 24 28 32 23 30 19 27 7 21 24 19 17 18 23 19 30 26 16 33 19 25 26 8 25 13 16 31 19 52 30 14 25 19 17 18 20 18 25 21 23 27 19 23 22 16 32 36 28 33 14 22 20 14 24 24 23 11 14 8 30 18 36 33 22 21 
48 32 28 23 39 45 36 38 31 31 34 25 35 37 41 33 34 39 22 21 30 33 33 27 29 31 33 32 31 30 35 32 32 38 31 29 24 39 24 23 32 21 38 21 23 27 36 30 29 18 26 36 41 63 43 27 30 57 48 38 37 31 28 38 33 42 40 43 32 38 38 34 34 26 30 36 24 24 35 34 37 34 35 27 31 26 34 35 23 39 28 65 40 38 38 32 30 32 33 36 26 36 34 32 38 30 40 29 21 44 49 38 35 43 31 27 25 29 36 35 26 39 38 33 44 57 37 29 
23 21 20 15 19 37 26 26 11 12 22 17 16 17 21 9 23 14 14 13 22 8 16 2 20 6 23 18 15 15 19 20 22 40 6 15 14 14 16 3 7 13 19 13 15 19 22 26 19 10 14 11 29 51 35 19 22 37 31 19 29 21 20 13 17 27 15 18 22 21 23 9 14 16 20 21 16 16 26 26 19 26 20 15 19 12 22 23 8 21 11 45 18 23 13 7 5 15 8 17 18 17 13 12 24 5 21 19 23 32 34 18 15 23 23 7 17 12 11 25 6 24 30 14 26 49 18 21 
36 35 18 26 24 38 25 20 32 28 27 23 27 33 26 25 31 25 25 24 33 24 27 29 14 22 13 24 19 32 18 31 21 47 33 30 20 22 25 25 31 24 21 24 26 14 25 16 25 21 30 14 36 58 40 26 29 33 46 28 30 20 22 28 32 37 27 34 29 31 11 25 26 26 26 22 27 23 34 37 20 37 23 29 29 28 29 17 26 33 27 41 34 18 29 23 21 30 24 22 29 19 27 34 23 32 26 27 30 43 32 40 18 26 24 18 27 27 27 15 28 12 41 25 38 37 20 27 
39 21 24 30 27 35 31 26 20 29 19 25 5 17 18 24 23 30 20 21 28 23 24 31 20 21 17 21 23 26 15 26 27 41 35 30 8 27 22 14 23 28 27 28 21 20 28 20 13 25 25 17 39 52 27 27 30 39 34 17 34 26 28 34 26 28 19 23 17 33 17 15 12 23 26 27 28 24 30 32 17 41 26 13 30 27 20 23 19 27 22 47 25 19 26 1 27 31 23 6 21 25 18 23 29 34 10 29 30 38 36 29 21 29 21 11 29 6 25 19 17 18 36 22 24 43 26 27 
32 26 29 28 34 45 30 31 25 29 12 22 12 24 11 11 16 23 20 19 28 26 26 29 26 27 24 32 17 19 28 19 26 46 33 22 15 30 22 21 16 31 32 32 21 24 30 27 20 32 26 24 38 43 28 22 25 46 40 24 35 25 26 18 26 29 12 30 24 23 24 22 19 25 24 29 26 21 30 32 28 48 28 20 28 19 27 28 22 34 23 54 20 3 26 8 28 24 29 13 28 30 25 30 35 31 17 23 32 31 18 36 28 36 31 18 27 13 24 26 20 25 30 28 31 50 31 27 
28 23 18 20 16 39 22 30 5 17 25 15 21 11 24 14 25 26 15 17 23 13 10 14 20 11 28 12 18 18 19 14 22 39 18 17 19 14 17 14 19 18 13 12 10 19 24 20 24 15 8 16 23 45 36 20 23 31 30 28 30 21 24 18 17 31 20 23 22 26 28 14 23 14 20 26 11 20 28 25 21 31 25 20 13 14 23 27 2 25 5 39 23 23 18 12 10 14 12 18 13 11 18 23 24 17 22 19 22 26 39 24 17 25 25 1 12 17 16 30 17 29 25 8 35 50 12 22 
26 25 6 19 17 26 20 8 20 16 19 20 19 27 18 13 23 15 18 17 26 12 15 21 18 10 17 12 19 20 6 25 16 35 25 19 8 12 20 13 23 17 18 17 17 23 20 20 13 14 21 2 24 50 39 23 26 37 40 16 33 15 23 16 20 31 18 22 17 25 19 13 21 14 14 12 20 20 27 25 8 30 11 19 26 16 24 5 18 23 21 45 22 10 17 11 9 27 12 20 20 16 17 22 22 26 24 24 26 37 36 28 6 14 12 11 21 16 15 19 16 20 29 13 30 25 17 15 
29 7 16 11 19 35 17 18 8 17 27 16 20 14 26 13 11 27 8 14 10 12 9 15 20 10 21 15 11 6 15 14 13 29 19 5 12 15 10 8 20 20 16 15 9 18 17 23 14 18 11 19 26 48 33 18 21 34 33 20 23 12 21 1 20 28 3 26 13 19 28 17 18 14 11 22 12 15 26 14 17 34 21 19 16 2 20 15 5 26 8 42 20 19 17 15 13 17 12 18 14 14 17 17 25 17 22 10 25 26 36 22 20 28 21 4 13 20 15 18 3 24 18 11 30 39 15 15 
20 15 19 20 8 38 18 22 13 21 17 7 16 28 16 20 19 18 12 22 20 19 2 13 12 17 23 20 21 10 19 22 14 31 17 9 14 6 14 14 18 21 5 24 13 25 18 23 18 21 23 22 23 53 37 27 30 39 30 21 27 13 20 24 25 26 17 29 14 27 22 20 19 15 12 19 21 25 26 24 21 37 18 18 13 6 21 19 14 17 20 47 29 23 24 7 16 14 19 17 21 3 23 23 16 16 21 11 14 34 40 29 17 25 25 18 11 11 22 22 17 23 25 11 31 48 4 19 
34 24 20 17 22 21 24 22 19 11 18 15 18 17 17 15 18 28 16 15 24 24 11 21 17 22 4 13 10 19 18 21 20 36 25 18 18 20 4 11 22 15 18 15 17 16 4 7 23 12 19 17 22 49 31 15 18 39 10 17 21 19 22 24 16 33 18 34 22 22 14 25 22 15 18 12 18 14 6 26 9 28 15 26 21 15 29 19 16 23 16 47 24 9 23 14 21 22 23 19 11 17 8 20 26 24 23 19 26 33 23 26 21 29 7 9 19 19 26 6 14 15 30 14 29 40 17 23 
25 15 12 15 13 39 8 22 12 21 22 12 19 9 21 17 19 23 12 18 17 16 13 18 17 14 23 19 18 10 19 14 4 36 22 9 16 11 14 16 23 24 10 19 13 24 8 26 18 22 15 12 28 39 35 24 27 38 31 14 27 3 25 5 20 29 7 19 17 26 21 12 9 18 15 22 16 21 27 21 21 31 21 17 18 6 21 19 9 22 12 46 15 23 21 12 17 19 16 18 13 8 20 18 21 21 22 14 19 26 13 24 16 24 25 8 16 16 15 22 7 22 25 15 21 29 9 19 
30 16 15 22 17 34 14 26 13 19 21 3 21 24 20 16 20 21 21 20 29 15 14 9 21 13 19 20 22 22 21 20 10 27 13 10 10 17 23 10 14 17 1 20 18 21 14 19 15 17 21 18 19 53 34 26 29 35 26 17 32 9 26 20 24 25 21 25 10 28 18 16 15 11 8 28 23 23 22 26 23 33 27 14 9 18 17 24 10 28 18 43 25 24 20 3 12 10 15 13 17 14 20 19 27 12 17 7 10 32 38 25 13 21 23 14 7 7 18 21 13 19 30 16 27 44 15 18 
27 22 26 27 15 45 23 16 20 24 24 14 23 22 23 21 26 25 19 25 27 20 9 20 19 18 30 27 27 17 26 29 19 38 24 16 21 13 21 21 25 25 12 25 20 31 23 30 25 22 29 23 30 60 37 31 34 45 37 28 34 18 8 25 32 33 24 30 21 33 29 21 24 22 17 26 28 28 33 31 28 38 25 25 20 13 28 26 21 24 27 53 30 28 25 14 17 21 20 24 26 10 25 30 23 23 28 18 21 41 43 36 24 32 32 25 18 18 23 25 24 30 32 7 36 55 11 23 
